3013 19999999492
3017 19999986048
2023 19999990680
2057 19999924856
6991 19999982264
2189 19999966896
2195 19999991756
6932 19999996324
3991 19999972968
4015 19999991304
4668 19999929388
4845 19999923064
5992 19999916376
6794 19999964036
6428 19999993272
6475 19999928060
2976 19999984372
2990 19999987000
3010 19999973040
3063 19999959604
3098 19999988912
1598 19999960584
1593 19999977372
1692 19999981632
6965 19999959736
3796 19999981160
3804 19999998588
3823 19999975860
3828 19999976544
5428 19999960624
6861 19999948540
5244 19999951020
5255 19999979676
5413 19999974936
5286 19999989456
2340 19999969460
2411 19999936320
6921 19999972276
3913 19999966904
3942 19999981024
3162 19999975324
3302 19999996848
6873 19999976648
