Run Number | Residual Index | Sigma Calibrated
2411 | 0 | 0.0208
2411 | 1 | 0.0206
2411 | 2 | 0.0232
2411 | 3 | 0.0216
2411 | 4 | 0.0193
2411 | 5 | 0.0196
2411 | 6 | 0.0185
2411 | 7 | 0.0184
2411 | 8 | 0.0191
2411 | 9 | 0.0192
2411 | 10 | 0.0181
2411 | 11 | 0.0191
2057 | 0 | 0.0201
2057 | 1 | 0.0198
2057 | 2 | 0.0216
2057 | 3 | 0.0204
2057 | 4 | 0.0182
2057 | 5 | 0.0187
2057 | 6 | 0.0173
2057 | 7 | 0.0175
2057 | 8 | 0.0187
2057 | 9 | 0.0186
2057 | 10 | 0.0171
2057 | 11 | 0.0180
2195 | 0 | 0.0215
2195 | 1 | 0.0215
2195 | 2 | 0.0244
2195 | 3 | 0.0231
2195 | 4 | 0.0205
2195 | 5 | 0.0210
2195 | 6 | 0.0197
2195 | 7 | 0.0196
2195 | 8 | 0.0198
2195 | 9 | 0.0200
2195 | 10 | 0.0193
2195 | 11 | 0.0202
5255 | 0 | 0.0258
5255 | 1 | 0.0253
5255 | 2 | 0.0292
5255 | 3 | 0.0273
5255 | 4 | 0.0239
5255 | 5 | 0.0250
5255 | 6 | 0.0226
5255 | 7 | 0.0226
5255 | 8 | 0.0222
5255 | 9 | 0.0225
5255 | 10 | 0.0223
5255 | 11 | 0.0234
6794 | 0 | 0.0257
6794 | 1 | 0.0252
6794 | 2 | 0.0291
6794 | 3 | 0.0272
6794 | 4 | 0.0240
6794 | 5 | 0.0252
6794 | 6 | 0.0232
6794 | 7 | 0.0232
6794 | 8 | 0.0223
6794 | 9 | 0.0228
6794 | 10 | 0.0229
6794 | 11 | 0.0239
5413 | 0 | 0.0249
5413 | 1 | 0.0244
5413 | 2 | 0.0276
5413 | 3 | 0.0260
5413 | 4 | 0.0232
5413 | 5 | 0.0242
5413 | 6 | 0.0221
5413 | 7 | 0.0220
5413 | 8 | 0.0217
5413 | 9 | 0.0220
5413 | 10 | 0.0216
5413 | 11 | 0.0225
6965 | 0 | 0.0223
6965 | 1 | 0.0219
6965 | 2 | 0.0275
6965 | 3 | 0.0250
6965 | 4 | 0.0211
6965 | 5 | 0.0219
6965 | 6 | 0.0206
6965 | 7 | 0.0206
6965 | 8 | 0.0203
6965 | 9 | 0.0204
6965 | 10 | 0.0203
6965 | 11 | 0.0212
5428 | 0 | 0.0240
5428 | 1 | 0.0238
5428 | 2 | 0.0268
5428 | 3 | 0.0251
5428 | 4 | 0.0224
5428 | 5 | 0.0234
5428 | 6 | 0.0213
5428 | 7 | 0.0214
5428 | 8 | 0.0210
5428 | 9 | 0.0213
5428 | 10 | 0.0210
5428 | 11 | 0.0220
1593 | 0 | 0.0188
1593 | 1 | 0.0185
1593 | 2 | 0.0203
1593 | 3 | 0.0190
1593 | 4 | 0.0171
1593 | 5 | 0.0177
1593 | 6 | 0.0173
1593 | 7 | 0.0172
1593 | 8 | 0.0182
1593 | 9 | 0.0179
1593 | 10 | 0.0164
1593 | 11 | 0.0175
3942 | 0 | 0.0240
3942 | 1 | 0.0237
3942 | 2 | 0.0280
3942 | 3 | 0.0260
3942 | 4 | 0.0225
3942 | 5 | 0.0233
3942 | 6 | 0.0219
3942 | 7 | 0.0219
3942 | 8 | 0.0218
3942 | 9 | 0.0220
3942 | 10 | 0.0215
3942 | 11 | 0.0225
6861 | 0 | 0.0236
6861 | 1 | 0.0232
6861 | 2 | 0.0269
6861 | 3 | 0.0250
6861 | 4 | 0.0219
6861 | 5 | 0.0228
6861 | 6 | 0.0211
6861 | 7 | 0.0212
6861 | 8 | 0.0208
6861 | 9 | 0.0211
6861 | 10 | 0.0211
6861 | 11 | 0.0220
1692 | 0 | 0.0188
1692 | 1 | 0.0186
1692 | 2 | 0.0204
1692 | 3 | 0.0193
1692 | 4 | 0.0173
1692 | 5 | 0.0177
1692 | 6 | 0.0171
1692 | 7 | 0.0172
1692 | 8 | 0.0183
1692 | 9 | 0.0181
1692 | 10 | 0.0165
1692 | 11 | 0.0175
6991 | 0 | 0.0223
6991 | 1 | 0.0219
6991 | 2 | 0.0270
6991 | 3 | 0.0246
6991 | 4 | 0.0209
6991 | 5 | 0.0217
6991 | 6 | 0.0205
6991 | 7 | 0.0207
6991 | 8 | 0.0203
6991 | 9 | 0.0204
6991 | 10 | 0.0202
6991 | 11 | 0.0210
5286 | 0 | 0.0253
5286 | 1 | 0.0249
5286 | 2 | 0.0287
5286 | 3 | 0.0268
5286 | 4 | 0.0236
5286 | 5 | 0.0248
5286 | 6 | 0.0223
5286 | 7 | 0.0223
5286 | 8 | 0.0220
5286 | 9 | 0.0224
5286 | 10 | 0.0221
5286 | 11 | 0.0231
4015 | 0 | 0.0250
4015 | 1 | 0.0246
4015 | 2 | 0.0284
4015 | 3 | 0.0265
4015 | 4 | 0.0232
4015 | 5 | 0.0240
4015 | 6 | 0.0223
4015 | 7 | 0.0223
4015 | 8 | 0.0223
4015 | 9 | 0.0226
4015 | 10 | 0.0221
4015 | 11 | 0.0230
5992 | 0 | 0.0259
5992 | 1 | 0.0256
5992 | 2 | 0.0290
5992 | 3 | 0.0270
5992 | 4 | 0.0239
5992 | 5 | 0.0250
5992 | 6 | 0.0233
5992 | 7 | 0.0232
5992 | 8 | 0.0226
5992 | 9 | 0.0231
5992 | 10 | 0.0234
5992 | 11 | 0.0246
5244 | 0 | 0.0251
5244 | 1 | 0.0247
5244 | 2 | 0.0284
5244 | 3 | 0.0265
5244 | 4 | 0.0232
5244 | 5 | 0.0244
5244 | 6 | 0.0222
5244 | 7 | 0.0222
5244 | 8 | 0.0217
5244 | 9 | 0.0221
5244 | 10 | 0.0219
5244 | 11 | 0.0228
3098 | 0 | 0.0224
3098 | 1 | 0.0222
3098 | 2 | 0.0249
3098 | 3 | 0.0231
3098 | 4 | 0.0205
3098 | 5 | 0.0211
3098 | 6 | 0.0194
3098 | 7 | 0.0194
3098 | 8 | 0.0197
3098 | 9 | 0.0198
3098 | 10 | 0.0192
3098 | 11 | 0.0204
3804 | 0 | 0.0271
3804 | 1 | 0.0265
3804 | 2 | 0.0324
3804 | 3 | 0.0294
3804 | 4 | 0.0249
3804 | 5 | 0.0258
3804 | 6 | 0.0243
3804 | 7 | 0.0243
3804 | 8 | 0.0242
3804 | 9 | 0.0244
3804 | 10 | 0.0239
3804 | 11 | 0.0251
6873 | 0 | 0.0220
6873 | 1 | 0.0216
6873 | 2 | 0.0260
6873 | 3 | 0.0237
6873 | 4 | 0.0203
6873 | 5 | 0.0211
6873 | 6 | 0.0197
6873 | 7 | 0.0198
6873 | 8 | 0.0196
6873 | 9 | 0.0198
6873 | 10 | 0.0197
6873 | 11 | 0.0205
6428 | 0 | 0.0247
6428 | 1 | 0.0244
6428 | 2 | 0.0281
6428 | 3 | 0.0263
6428 | 4 | 0.0227
6428 | 5 | 0.0237
6428 | 6 | 0.0222
6428 | 7 | 0.0222
6428 | 8 | 0.0216
6428 | 9 | 0.0220
6428 | 10 | 0.0221
6428 | 11 | 0.0233
3017 | 0 | 0.0213
3017 | 1 | 0.0211
3017 | 2 | 0.0231
3017 | 3 | 0.0217
3017 | 4 | 0.0198
3017 | 5 | 0.0203
3017 | 6 | 0.0185
3017 | 7 | 0.0186
3017 | 8 | 0.0191
3017 | 9 | 0.0192
3017 | 10 | 0.0182
3017 | 11 | 0.0191
4668 | 0 | 0.0294
4668 | 1 | 0.0288
4668 | 2 | 0.0328
4668 | 3 | 0.0309
4668 | 4 | 0.0273
4668 | 5 | 0.0286
4668 | 6 | 0.0261
4668 | 7 | 0.0259
4668 | 8 | 0.0252
4668 | 9 | 0.0255
4668 | 10 | 0.0255
4668 | 11 | 0.0270
6475 | 0 | 0.0260
6475 | 1 | 0.0256
6475 | 2 | 0.0295
6475 | 3 | 0.0274
6475 | 4 | 0.0239
6475 | 5 | 0.0246
6475 | 6 | 0.0236
6475 | 7 | 0.0234
6475 | 8 | 0.0223
6475 | 9 | 0.0228
6475 | 10 | 0.0233
6475 | 11 | 0.0247
2990 | 0 | 0.0204
2990 | 1 | 0.0204
2990 | 2 | 0.0224
2990 | 3 | 0.0210
2990 | 4 | 0.0190
2990 | 5 | 0.0193
2990 | 6 | 0.0180
2990 | 7 | 0.0179
2990 | 8 | 0.0185
2990 | 9 | 0.0186
2990 | 10 | 0.0178
2990 | 11 | 0.0187
4845 | 0 | 0.0311
4845 | 1 | 0.0304
4845 | 2 | 0.0346
4845 | 3 | 0.0325
4845 | 4 | 0.0288
4845 | 5 | 0.0300
4845 | 6 | 0.0276
4845 | 7 | 0.0273
4845 | 8 | 0.0267
4845 | 9 | 0.0272
4845 | 10 | 0.0272
4845 | 11 | 0.0287
3010 | 0 | 0.0199
3010 | 1 | 0.0198
3010 | 2 | 0.0217
3010 | 3 | 0.0205
3010 | 4 | 0.0183
3010 | 5 | 0.0187
3010 | 6 | 0.0174
3010 | 7 | 0.0173
3010 | 8 | 0.0180
3010 | 9 | 0.0182
3010 | 10 | 0.0175
3010 | 11 | 0.0183
