run number hDCREF1_total_back_sig_ratio hDCREF1_sig_lost_cut_ratio hDCREF1_back_sig_ratio_cut hDCREF2_total_back_sig_ratio hDCREF2_sig_lost_cut_ratio hDCREF2_back_sig_ratio_cut hDCREF3_total_back_sig_ratio hDCREF3_sig_lost_cut_ratio hDCREF3_back_sig_ratio_cut hDCREF4_total_back_sig_ratio hDCREF4_sig_lost_cut_ratio hDCREF4_back_sig_ratio_cut hT1_total_back_sig_ratio hT1_sig_lost_cut_ratio hT1_back_sig_ratio_cut hT2_total_back_sig_ratio hT2_sig_lost_cut_ratio hT2_back_sig_ratio_cut
5894 0.21151680272499568 0.00024972467854190755 0.03745879532514235 0.2107660496848498 0.008740298268921497 0.03771144005254627 0.21126655046173978 0.01972820033862582 0.03771577293606053 0.21101629944836092 0.0019977874503986836 0.037459263051431574 0.47849525636178347 0.008763649383915448 0.45925547525679744 0.5976375268234964 0.0 0.5775825762589495
5428 0.19853608734257616 0.0 0.04057186374504907 0.1992028560169073 0.0016627951253498107 0.04190313392208345 0.19853608734257616 0.004156953252566503 0.041737545666029795 0.19920252478392012 0.00033255847209335583 0.04140366746702672 0.4298211550672731 0.0009999716674694216 0.4191589820853285 0.4904486746545931 0.0001667625551358698 0.4759411260493551
2976 0.9208668426545521 0.0019803588014076392 0.18595937411500962 0.9186684357486583 0.00297047349347486 0.1885316513352675 0.9182687356922761 0.0035645540742853072 0.18932417606356222 0.9186684357486583 0.002772441927243203 0.18754109268926403 2.0432355367598176 0.00340405763670295 1.9782253042229776 42.120219981259204 0.018406139842041855 42.03648433795431
2195 0.913204272638995 0.0 0.18089617064844848 0.9132021762585799 0.0 0.18686439705240926 0.9136654974196985 0.0 0.189160896953224 0.9138971595956906 0.0 0.185258730920302 1.9866597065135432 0.0 1.976915492140827 37.771217064540494 0.004701148020346569 37.74447119001053
2770 0.7829935624127112 0.0033279643673955733 0.24319684102707098 0.7827449816400092 0.004699617959286468 0.24583080445274874 0.7829030892932712 0.00512686056693184 0.24693395770303073 0.7826083045885258 0.004182425716971205 0.24479457359285844 1.8650313664366176 0.0045000756830910335 1.8199306866242642 39.20762545117636 0.015032741248320077 39.149951105196514
2023 4.27081318893831 0.004834654805646876 0.76814291930571 4.265772298767223 0.007855934251873338 0.779007294505853 4.268948596154078 0.007856219103907562 0.7868923794731084 4.266402383383994 0.007251675439179594 0.7711507430484629 9.431844128168049 0.010147905725955805 8.946921066653136 32.455608355532355 0.06909205364614121 31.88267740126449
4551 0.29987960005047126 5.896177743815794e-05 0.11479864835941705 0.2997317537889519 0.0009139062031530943 0.11565441293961501 0.2996134770935576 0.002564830513346405 0.11603944633617831 0.29964304624125454 0.00047169310703070366 0.11535898962859888 0.7046245332472965 0.0008879956310614952 0.69533635353196 0.7710817536815429 5.923879335317043e-05 0.7586124370735545
6687 1.2515772500869151 0.00033794444446791285 0.21607395939161347 1.2523038462139617 0.009251291695761768 0.21846052712738137 1.2523043752291703 0.01909399823253786 0.21991867445444957 1.2517916381349306 0.0046045047263762505 0.21752006008944136 2.7422891202170683 0.006858401863770707 2.631663555167839 2.960183233074051 0.00047251589801216854 2.8316293327227826
2411 0.9428709306210327 0.0 0.19461959029129303 0.9401920155266905 0.0 0.19806075453988659 0.9407247929238829 0.0 0.20097784471147218 0.9412600688312998 0.0 0.19673661156980968 1.9290546962642472 0.0 1.9220934995809895 41.81946193218647 0.005215279278205347 41.79727227684043
2340 0.8137005759435375 0.0022194355975275488 0.19032082653616098 0.8164975224862807 0.003329245759373214 0.1955997003579058 0.816217820848234 0.0038841092766401346 0.1964325845034667 0.8164975224862807 0.003329245759373214 0.19504480759093304 1.8327284955653014 0.002522103434264176 1.78625475008127 39.2893420472622 0.00919945569887115 39.22587124943936
6475 0.5026926023712539 0.0 0.08764048659761993 0.5032465742853678 0.0 0.09094817607566888 0.502141404342338 0.0 0.09149887280003086 0.5015846768637178 0.0 0.08929309632079371 1.1589716276644142 0.0 1.1528688570065355 1.3174857193660956 0.0 1.2991487186326154
5992 0.49727476059151815 0.0 0.0912032312001911 0.4943615281055024 0.010857134585040317 0.08976205815712704 0.4950889205758666 0.020990612129678555 0.08977180586123017 0.4943615281055024 0.002895235889344084 0.09192640097282742 0.999512610299199 0.0058195785170259045 0.9610138295782743 1.1186773970357964 0.0 1.071337533228943
5244 0.3123717591429989 0.0 0.0630868454739782 0.3139068385753223 0.0012250022968793065 0.06523217140442109 0.3142140514318789 0.003675018145402093 0.06615275774308842 0.3139068385753223 0.00091875172265948 0.06400695807697372 0.7210747550037053 0.002152461955234941 0.7066377205552241 0.787084188469432 0.0 0.7661609184084776
3162 1.389479391956424 0.001848531341848901 0.28447369285878604 1.389479391956424 0.0034916703123812572 0.2898187554430879 1.388027390845345 0.004313195502774822 0.29084515576442366 1.389479391956424 0.002875493198431624 0.28776298681959256 3.1472535187723585 0.0029253451907325064 3.0543586828874836 3.190377443684466 0.0012542435239226047 3.0762798670485187
6794 1.2024891789130234 0.0002024051807630068 0.19663703111479938 1.2026928012500557 0.007488999267292504 0.199586657247364 1.2036145882986358 0.018722668698835248 0.20133168408032212 1.2026928012500557 0.0028336753984350015 0.1988689266543061 2.6290483310977306 0.005849855754872571 2.530467215285233 2.8157139581724695 0.0007197107174179247 2.7046923420172195
4254 0.3018832481822322 0.0016835285340365167 0.11014006307135712 0.3017052326585946 0.0023037697647939675 0.11067210487001565 0.3017941065972936 0.002569591629865389 0.11111554155535175 0.3020612646522751 0.0020379610111476466 0.11058379025941113 0.7014469288900949 0.00222399153104025 0.6829585082912248 0.8981987892098489 0.0017826710116301456 0.8752179354162433
5098 1.8352754685248445 0.004027376494458733 0.3275999977445783 1.835440998791784 0.007571486105517519 0.335103906377124 1.8358496523549008 0.010793429862037412 0.33745192780188216 1.8358511310959769 0.00555781537581706 0.33276248443322437 3.986530889877523 0.007320168544824518 3.80281805993107 4.092961065329132 0.00494000772287874 3.8827085424363506
2057 3.187001962644193 0.0 0.6215768469181241 3.182491706114528 0.0 0.6368480175537518 3.180222825398074 0.0 0.6420763235994738 3.18563491959419 0.0 0.6338049716536189 6.841912313812815 0.0 6.819282452352827 36.05189296355851 0.012679311398124615 35.97230948359839
3635 0.1448720862793758 0.0 0.03826046723067826 0.1444670573047268 0.0018604380280004013 0.0386654748856416 0.14454806283755856 0.004044433767139299 0.03874724259575787 0.144629068501439 0.000808887407726169 0.03866513084668548 0.3391770114979791 0.0010535964514871512 0.33447987447481714 0.41917906440660363 0.0 0.41342021890101766
1692 3.2303398447501173 0.0 0.6240381287859391 3.2271450998486375 0.0 0.6425874554774672 3.228016374301912 0.0 0.6500485320804085 3.2280118333706116 0.0 0.6373870927355315 6.757340650100165 0.0 6.735954819158795 13.583258520880415 0.003405256477726527 13.502611301502387
3654 0.14773898347005235 0.0 0.03825384393420998 0.14806924628136786 0.001236658515712983 0.03891400252776126 0.147904114603429 0.0033801943694206182 0.039244558733686916 0.14806924628136786 0.0004946634062851932 0.03883126947746797 0.3377516100815015 0.0013216008220357112 0.3307349767106077 0.42368782846140557 8.267079579734742e-05 0.4153384214494517
6991 1.468041086480283 0.007610110691596712 0.36074670000487086 1.4667026535598613 0.00842174474199021 0.36764519346782876 1.4663923015418834 0.009740773660948021 0.37008398176674256 1.4670115195613374 0.008015901925947273 0.3658182659503867 3.2243213503419828 0.009703105613143373 3.0956942936073037 3.7511295926826254 0.0091301176643914 3.600500127106993
4015 0.7556231771370793 0.0 0.1830262364270207 0.7565903676718807 0.0019198740562619092 0.18671133659398204 0.7569139796300385 0.004639717905151367 0.18783729514294994 0.7557843742700537 0.0004799646745999494 0.18494727562743682 1.6996503807055368 0.0009689218322311847 1.6696299813157764 1.771141384269808 0.0 1.7317108644010277
5974 0.7620253984475928 0.0003598533237852251 0.13041131382921298 0.7616644487738735 0.008348585094752843 0.13085340459973469 0.7615177673084979 0.01705696161535904 0.13151217405387897 0.7615908338491213 0.003598520288457386 0.13041506826638644 1.6524551218194647 0.006244173315017091 1.5837955036240252 1.7891833256751335 0.00029081772126866325 1.7111764483491685
6965 1.1861035052889977 0.00819607438392841 0.33100687413542035 1.1851844356638015 0.00941024097299868 0.3355623198730611 1.18477370002732 0.010826781612684536 0.3370833135158164 1.1856939618448985 0.008803155374680507 0.3341445767282773 2.6785760124364293 0.009754464721181461 2.5834396160268143 3.1960925753358778 0.008049311319498837 3.080967109724041
6873 0.8706151499745806 0.0058505015292000554 0.18379719764755728 0.8713273973860178 0.007262742835354628 0.188138877764204 0.8713273973860178 0.008170585689773958 0.19005729965297394 0.8706169063695951 0.006153126090666817 0.1869253156193099 1.8654622094415023 0.007130582354660905 1.7884775834159352 2.0971867007672635 0.0066363436809245965 2.006555100623858
6932 0.6541519879214897 0.0 0.14816305988928033 0.655165784422374 0.0010065536709515657 0.15259507246756096 0.6555697256229824 0.00271770038259182 0.1539065488293439 0.6564822336098369 0.00040262633156077087 0.15199205212421474 1.509136329815365 0.0012181096359577845 1.4834725886464708 1.97775661172785 0.00020395551322345573 1.9417624239754274
6428 0.512941327650643 0.0005354293608044291 0.09209434315851471 0.5140176907755243 0.005889786040136215 0.09317119403704358 0.5150940769535558 0.012850579882417194 0.09478520708157954 0.5145558809828499 0.0021417518459223724 0.09209730187032486 1.1656544209181887 0.005389063434665689 1.1199077342617392 1.3557363683974666 0.0005399189041805921 1.3022914282011964
5904 0.7652029603426587 0.00013992922379860265 0.12628630118967993 0.7653434250360143 0.007416254050079305 0.12713521743480735 0.7647804972927288 0.016301697545440107 0.1272859336097843 0.7656964626418626 0.0032183879094961334 0.12657067632400693 1.63206087908862 0.006139281238356535 1.5624371478958967 1.7516864061674284 0.0002825984361002546 1.6724222710804897
4458 0.3849839988664958 4.577965382799165e-05 0.12898423370890216 0.38459328721967806 0.001098707165012769 0.13001510967850333 0.3843866637306817 0.002884101687016369 0.1305665912505734 0.38459328721967806 0.0005035741172975192 0.12960231865003002 0.909795208641996 0.0011044554884880073 0.8956772745419048 1.1852937104886714 4.6144617230400075e-05 1.1671824868176304
4972 1.1282350219855997 0.0011483586400590148 0.22251071266861927 1.128512143385624 0.002515460512464927 0.2253034350571051 1.128676195158176 0.0033357193752252294 0.2262349409120489 1.1286768123629485 0.0019686223471446773 0.22459142079365477 2.4770742352029145 0.0024381742729392025 2.385700867512475 2.5670519971536976 0.001164698972458197 2.460372042462091
6402 0.14990685495815928 9.940772875209502e-05 0.046025824165446434 0.14990685495815928 0.0010934850162730454 0.046622734597349565 0.14990685495815928 0.0020875623037939954 0.04682201768102774 0.14950862955061922 0.0003976293339112213 0.04632400159847628 0.3448193433492297 0.0006972083776558659 0.3408376718257126 0.4760180833016686 9.973142327711474e-05 0.4698352036318232
3017 1.3173897600929922 0.0 0.25795295139075747 1.3137526076841255 0.0 0.26547704251399584 1.3142978094438584 0.0 0.2687072633474683 1.3150247542512736 0.0 0.26314845375618856 2.9317106596394544 0.0 2.922234128632974 56.90284047503299 0.010000694492673103 56.86963624391911
6861 0.2845071467754018 0.0 0.056059039495047445 0.2831997561112582 0.0016045311960977801 0.05646034738657789 0.28330032341364353 0.0044124652142302 0.05676285262417877 0.2831997561112582 0.0003008495992683338 0.056459611321205055 0.6319687638368957 0.0015094795314575533 0.6176883481516144 0.7671410116628006 0.00010076724177890457 0.7495074996095266
1598 2.990085557601237 0.002953657119790487 0.6453931433747514 2.9921135801982928 0.004430572922307443 0.6592 2.9956628119353903 0.004430725605163273 0.6636536397562008 2.985522798761488 0.0029535262642323046 0.6507795078295371 6.993632853453347 0.004091339146444371 6.765817508579378 13.688580713175599 0.009238025888209019 13.403440123909677
6921 0.5652774244025668 0.0 0.1652287508082934 0.5660865009136429 0.0004022643460036546 0.16683980864208084 0.5656825299132922 0.0016090525295311424 0.16845039714066765 0.5656819610307983 0.00020113136392206158 0.16623540663312458 1.3406352639062153 0.0007093844468473435 1.3245314989197012 1.811325288202409 0.00030543397586460725 1.7878123326471227
6810 0.6293756618108172 0.00020561112767422972 0.10959095638156569 0.6306171082905485 0.0071964782491585255 0.11247876886127069 0.6306171082905485 0.01500979749110207 0.11331013663022646 0.6306171082905485 0.0032898186281867543 0.11165189283885732 1.3655107565298257 0.00455653521062584 1.3139989353791728 1.5244768880674264 0.0 1.4618299945858149
3913 0.7027137221043038 0.0017987552613591394 0.19486865852415472 0.7009023593248793 0.0026980843601043256 0.19786485830177988 0.6987912799481977 0.003297599347674893 0.19876186050694766 0.7006004718635612 0.0020985037668142617 0.19696370111882575 1.6034143257704767 0.0021173175401609768 1.5653357531760435 1.6418443364540278 0.0012103533626642298 1.5922391203045287
3828 1.2993519648897116 0.00010939147709123686 0.5493645989102409 1.3076621805236774 0.000765802331102296 0.5601339945540097 1.3109872172455592 0.0024068863205710007 0.5656318994509979 1.3046726886256304 0.0005469867049411497 0.5569449093856869 4.964232723629072 0.0013601879779785568 4.924854259543265 5.03233109399439 0.00022684507275488595 4.980621715701231
3098 1.5802016303159871 0.0 0.28113798686008673 1.5811042316796635 0.0 0.2926917690880528 1.5792990449923408 0.0 0.2962407458087355 1.5803849578202664 0.0 0.288958275206989 3.531936859836444 0.0 3.5201637369703227 3.5570709330743826 0.0 3.515764415159492
4845 0.6645307796574366 0.00029339107269644 0.11178232665671091 0.6639401016300712 0.007041344427362664 0.11149580423684055 0.663351376725491 0.01819008640291041 0.11268167719633902 0.6633494305346109 0.0026404886664358686 0.11119684776007299 1.4623168777095001 0.0056186088324530845 1.4079841960354051 1.5791717489904433 0.00029605769572374263 1.5158198898069994
3942 0.5050494806509256 0.0 0.15780260881382335 0.504234065209675 0.0010141473556107704 0.15983124416859357 0.5040302134167366 0.0018254615375254044 0.1604407150260539 0.5040302134167366 0.00040565811945008983 0.1588157980138898 1.1577249714192388 0.0006124448799608035 1.1426249956618222 1.197804127880142 0.0 1.176768522565282
5286 0.38678926403073777 0.0 0.07074021938025292 0.386502918738831 0.0009983470225726262 0.07202432568116471 0.38678926403073777 0.0037081566610616453 0.07273961641975607 0.386502918738831 0.00042786300967398265 0.07159604995179389 0.8721909246857549 0.0010031772055209142 0.8532824287450413 0.9348246934824692 0.0 0.9115938911593892
4668 0.7256307146226945 0.0 0.12625525127490847 0.7306092004637077 0.008986583031533919 0.1280703173447653 0.7319670547425084 0.019321413968034294 0.12988297049993708 0.7292513827918241 0.003594584758061979 0.1271630067985028 1.5620752768062627 0.004077342659877136 1.5064130154084532 1.644963546011825 0.0004534078131234358 1.5810402129212746
4064 0.6110026862275296 0.001770371805507452 0.2101543342710652 0.6114293223260595 0.002717906942357183 0.2128503140639299 0.6111786014929005 0.003141793635025314 0.21349906566106164 0.6114294747855471 0.0024685582971236556 0.21200202775875057 1.4483498325771356 0.002539376681079934 1.418013890491754 1.5129989501414027 0.0012579182810999539 1.4749277379753452
3010 0.7390528442694275 0.0 0.1588425290916331 0.7387567825069945 0.001327372937225584 0.16208913575075734 0.7384596324957635 0.003539650724964714 0.16194475294575736 0.7381624842375393 0.0002949700236713444 0.16031668075152686 1.6594953645755042 0.0016371703148278514 1.6285646246353516 47.123720822034066 0.013139104343874055 47.08618230856395
4226 0.2780386871945658 0.0012251398701351739 0.10624815375966001 0.27831169821183543 0.0019738418312896127 0.10713408163834828 0.2783115087832499 0.0022460943482140484 0.10733849538247081 0.27824325593615107 0.0017015854692768533 0.10679332123145155 0.646105774715527 0.0017078287553275717 0.6319074313680215 0.8234600926726219 0.0007527683054432676 0.8058787541180158
2189 0.9240625166964765 0.0010176899963617583 0.18929226573173927 0.9235466225671033 0.003307467243353263 0.19183944514129714 0.9245737140182066 0.0038163471960025036 0.1941322694647496 0.9230330846809074 0.002544192625912093 0.19107372748968304 2.0270218134399185 0.0015432217841187044 1.9594074965727089 35.32377683926122 0.010575368261614143 35.231642118982066
3013 1.4684255190584303 0.002221521208862981 0.27325317906747354 1.4630093653924756 0.0037763679337491783 0.2783510422058376 1.4625585889774975 0.0042206277628451475 0.28123896203718307 1.4645871143879634 0.0031099984227865142 0.2763541687493197 3.283096091444594 0.003391861792938144 3.1832572022974985 48.67971328684987 0.03287696203850185 48.55407759561062
3389 0.21620538517367938 0.0008412660901699586 0.049405678746839495 0.2165119624580035 0.0016060583580424137 0.05032397011765714 0.21643531796107224 0.0023708462391495546 0.05047727795924954 0.21658860707216868 0.0014531015304983068 0.050094491212049605 0.4739307421643476 0.001686859137294232 0.45875674850882964 0.5474024090616814 0.000690583358782609 0.5291439699762975
1753 0.7384285479589454 0.0022795856813720905 0.2131854241540972 0.7387848900665916 0.003773120681299824 0.21590139520331797 0.7393787991815424 0.004284089363745913 0.2177904235888136 0.7384684316438184 0.0032621682807194062 0.21479917161805287 1.7485476736975907 0.0034933637997000473 1.7010894118002013 5.540411668497659 0.003129431645801044 5.481700487547767
4122 0.44239048860449504 0.0 0.1872377654328193 0.4414433215780184 0.0008253480905571924 0.18877045701080036 0.441324894355569 0.0021223211590703293 0.18912641048920542 0.4416801768607222 0.0002947678703021371 0.18859303933099286 1.0871474172609796 0.00041532674348233677 1.0778960409110407 1.1382146639375792 0.00011872480066105969 1.1245032845255098
3804 1.2933130206476289 0.0 0.5356390392531847 1.300601017667873 0.000911707232573476 0.5480423441219673 1.3027534088376522 0.0019247523147679156 0.5524145469501713 1.2982382210408598 0.00020259647644208173 0.5436687459860492 4.8816096390394526 0.0007341712674732762 4.84378293962236 4.9451345190769835 0.0 4.895495321531867
2834 0.5533783617953868 2.0799006306674694e-05 0.20260316257276276 0.5535875032654508 0.0012063448748645983 0.20514350061378736 0.5533574476962297 0.0027870662654123205 0.20597825736528788 0.5535872729836682 0.0004991769819510083 0.20445559278602465 1.3620741853972396 0.0009644487420653124 1.3484381440640334 42.78927915533741 0.005670779360017107 42.77165016632276
3019 0.9497726659018043 0.0057570287152367994 0.18766252547974574 0.9521211631066071 0.007813260336463663 0.19274214774521847 0.9523979235861044 0.009732333416035322 0.19425434844596523 0.9505990075938263 0.006579488444773419 0.19081771972824924 2.07851105647019 0.00817765753079096 1.9927393096106423 47.73603527339691 0.032697700729780586 47.629950395710594
5255 0.5328802117649778 0.000288980592063437 0.08929526099357595 0.5346233650639526 0.0011559424109490865 0.08987556136102233 0.5340423072477171 0.0028898393249335336 0.08958760801086611 0.5346233650639526 0.0008669568082118149 0.09045327784761657 1.1905350572288718 0.000872613039747524 1.1451691720575232 1.2497344241588157 0.0002910420177361006 1.2002607744068547
3796 2.634959764358036 0.00428236818684531 0.5926678992967306 2.6273262784757336 0.0067023629552952395 0.6004602597712106 2.6250335110660985 0.007074558398617855 0.6032418664750194 2.6303834610543873 0.006144015728680265 0.5969371130661453 6.013435416342128 0.0071158088270646905 5.829416154420193 6.096265330161444 0.004041850474628727 5.867464290732432
5540 0.19707148105384698 0.0 0.037262517056785974 0.1978602749575545 0.0065603539442159985 0.037265255135781994 0.1978602749575545 0.016532091939424315 0.03726897174382044 0.1978602749575545 0.002886555735455039 0.03726388604598679 0.39808896262854404 0.005521709521267785 0.3797042303889602 0.5014134331422435 0.0 0.48140953764680494
3063 1.615660846149843 0.0015420289631590004 0.29279726439843556 1.615660846149843 0.002313043444738501 0.2985822643291537 1.6160525833903567 0.0025058067251997416 0.30186089725549464 1.614877380729798 0.0023130256109760777 0.29665239625358286 3.4481472978196925 0.002747215010782819 3.3310897127707797 3.480447387946907 0.001766624921974066 3.3330912360115184
2776 0.9480779575663136 0.0 0.2158051717475799 0.9475680685724099 0.0 0.2196554711196305 0.9479510833501175 0.0 0.22129802498615705 0.9480148197161827 0.0 0.21845696145307972 1.7040018726972948 0.0 1.6992310745618497 47.41334164358605 0.0030425851278438948 47.39698922431081
6190 0.15564885352009714 0.00011109839651684308 0.04621698429733519 0.15587139665437544 0.0017775782939914522 0.04699556153029992 0.15576012496361522 0.002888561518583449 0.04710713317542074 0.15542631137478405 0.0009998833469428566 0.0465505901592719 0.3315433627333686 0.00100164157925489 0.32765137181753023 0.4654941459402714 0.00011144221832422107 0.4598111052294319
1823 0.8957063426330146 0.0 0.18951651431973476 0.8950030928205944 0.0 0.19303533165520254 0.8950811542051753 0.0 0.1948149664006078 0.8951602545752205 0.0 0.19214610996003112 1.6491675240856798 0.0 1.6438671156424407 34.83873802846028 0.003101937418412583 34.820379327013804
3823 3.193843713956171 0.004505478662053057 0.6832415676167648 3.1919897493012113 0.006127351596445415 0.695857476277586 3.1919955017949566 0.00702844537996857 0.7019927944359637 3.1914433491322605 0.005406476959397358 0.6917060159319468 7.31768114746878 0.005622642004509359 7.089238220371227 7.4208175356117065 0.004127262255623864 7.136893806787375
2990 0.9749498029699463 0.0 0.1959563205308537 0.9756743552621454 0.0 0.2034742740156015 0.9772989611388996 0.0 0.20705638125576026 0.9758533124072778 0.0 0.20132678827401201 2.155926262542139 0.0 2.1483222229866494 52.90695153545142 0.006232859636000998 52.8800238488848
1593 1.9509988927184543 0.0 0.4257575521280079 1.9549739934652244 0.0 0.43877092154890296 1.9554989472589743 0.0 0.44189129474149363 1.9547038961511567 0.0 0.4351295641166272 3.8106681770301245 0.0 3.8014048497488315 11.731728994325561 0.003703197283562362 11.695699858988421
6571 1.2193160767076894 0.00045475272407217006 0.20745086787885003 1.220278526289505 0.009136482512111008 0.2091246656713468 1.2197758721263128 0.019678471958384167 0.21042742528048375 1.2200692965625812 0.00405146350850952 0.20812136361249736 2.6457204712558577 0.007546264892344146 2.5376649926669925 2.840255177732265 0.0005040381859329663 2.7196357465683225
4088 0.7856750345747797 0.001770377805612051 0.24135801563224688 0.7857458330848589 0.003004986880553402 0.24429646833545515 0.7852995794901516 0.0033077996051139513 0.24534435099989702 0.7858861491205982 0.0025623937043384353 0.243550115066073 1.843618012667253 0.0029188303870016008 1.7990877447210587 1.9165261364923902 0.0014840174850237902 1.8606322008305909
4180 0.44823423742970414 0.00011441843967573815 0.18787529291154073 0.448693708047596 0.0010869795298870742 0.18993743506656965 0.44898129645065643 0.0018879182954729438 0.1909121906902131 0.4485787758908216 0.0004576750678646312 0.18930671635515062 1.1145715516466912 0.0008062416928311292 1.1043296679754762 1.1688139577763437 0.0 1.1537752373928276
3302 0.7067607537304339 0.0 0.17734478303210233 0.7062529519520397 0.0009063562765675683 0.18097077679465204 0.707165717669475 0.002316264811506398 0.1820827731367484 0.7067607537304339 0.0003021205843817757 0.17976229080604 1.625603147954683 0.0005081280157397735 1.609656107374093 1.6425485115928757 0.0 1.6196788695688413
5413 0.26871619698263594 0.0 0.052864869261111794 0.2701841025691076 0.0026026162800154855 0.05498169987799918 0.2698578976134086 0.004879889649428728 0.05514544407536219 0.269205494069346 0.0008133096497563324 0.05400419996519006 0.6188013763474559 0.0022852068765139497 0.6005334447669198 0.6878291322017066 0.0001633410430305644 0.6667592267422392
